{
  "has_alpha": true,
  "transparent_pixels": "0",
  "opaque_pixels": "262144",
  "alpha_range": [
    255,
    255
  ],
  "original_shape": [
    512,
    512,
    4
  ],
  "processed_shape": [
    512,
    512
  ],
  "gray_range": [
    2,
    255
  ],
  "thresholding_method": "canny_30_100_list",
  "contour_counts": {
    "canny_30_100_list": 59,
    "canny_30_100_tree": 59,
    "canny_50_150_list": 59,
    "canny_50_150_tree": 59,
    "canny_70_200_list": 59,
    "canny_70_200_tree": 59,
    "adaptive_gaussian_11_list": 32,
    "adaptive_gaussian_11_tree": 32,
    "adaptive_gaussian_31_list": 24,
    "adaptive_gaussian_31_tree": 24,
    "adaptive_gaussian_21_list": 23,
    "adaptive_gaussian_21_tree": 23,
    "simple_86.78639288257946_list": 23,
    "simple_86.78639288257946_tree": 23,
    "simple_66.78639288257946_list": 20,
    "simple_66.78639288257946_tree": 20,
    "simple_26.786392882579463_list": 19,
    "simple_26.786392882579463_tree": 19,
    "simple_106.78639288257946_list": 19,
    "simple_106.78639288257946_tree": 19,
    "otsu_blur_3_list": 18,
    "otsu_blur_3_tree": 18,
    "otsu_blur_5_list": 18,
    "otsu_blur_5_tree": 18,
    "simple_46.78639288257946_list": 18,
    "simple_46.78639288257946_tree": 18,
    "otsu_inv_blur_3_list": 17,
    "otsu_inv_blur_3_tree": 17,
    "otsu_inv_blur_5_list": 17,
    "otsu_inv_blur_5_tree": 17,
    "otsu_blur_0_list": 15,
    "otsu_blur_0_tree": 15,
    "otsu_inv_blur_0_list": 14,
    "otsu_inv_blur_0_tree": 14,
    "otsu_inv_blur_0_external": 2,
    "otsu_inv_blur_3_external": 2,
    "otsu_inv_blur_5_external": 2,
    "canny_30_100_external": 2,
    "canny_50_150_external": 2,
    "canny_70_200_external": 2,
    "adaptive_gaussian_11_external": 1,
    "adaptive_gaussian_21_external": 1,
    "adaptive_gaussian_31_external": 1,
    "otsu_blur_0_external": 1,
    "otsu_blur_3_external": 1,
    "otsu_blur_5_external": 1,
    "simple_26.786392882579463_external": 1,
    "simple_46.78639288257946_external": 1,
    "simple_66.78639288257946_external": 1,
    "simple_86.78639288257946_external": 1,
    "simple_106.78639288257946_external": 1
  },
  "best_method_contours": 59,
  "contours_after_cleaning": 42,
  "final_contour_count": 42
}