{
  "has_alpha": true,
  "transparent_pixels": "89955",
  "opaque_pixels": "172189",
  "alpha_range": [
    0,
    255
  ],
  "original_shape": [
    512,
    512,
    4
  ],
  "processed_shape": [
    512,
    512
  ],
  "gray_range": [
    2,
    255
  ],
  "thresholding_method": "adaptive_gaussian_11_list",
  "contour_counts": {
    "adaptive_gaussian_11_list": 71,
    "adaptive_gaussian_11_tree": 71,
    "adaptive_gaussian_21_list": 36,
    "adaptive_gaussian_21_tree": 36,
    "adaptive_gaussian_31_list": 32,
    "adaptive_gaussian_31_tree": 32,
    "canny_30_100_list": 21,
    "canny_30_100_tree": 21,
    "canny_50_150_list": 21,
    "canny_50_150_tree": 21,
    "canny_70_200_list": 21,
    "canny_70_200_tree": 21,
    "otsu_inv_blur_0_list": 11,
    "otsu_inv_blur_0_tree": 11,
    "otsu_inv_blur_3_list": 11,
    "otsu_inv_blur_3_tree": 11,
    "otsu_inv_blur_5_list": 11,
    "otsu_inv_blur_5_tree": 11,
    "otsu_blur_0_list": 10,
    "otsu_blur_0_tree": 10,
    "otsu_inv_blur_0_external": 10,
    "otsu_blur_3_list": 10,
    "otsu_blur_3_tree": 10,
    "otsu_inv_blur_3_external": 10,
    "otsu_blur_5_list": 10,
    "otsu_blur_5_tree": 10,
    "otsu_inv_blur_5_external": 10,
    "simple_112.68410242838814_list": 10,
    "simple_112.68410242838814_tree": 10,
    "simple_132.68410242838814_list": 10,
    "simple_132.68410242838814_tree": 10,
    "simple_152.68410242838814_list": 10,
    "simple_152.68410242838814_tree": 10,
    "simple_172.68410242838814_list": 10,
    "simple_172.68410242838814_tree": 10,
    "simple_192.68410242838814_list": 10,
    "simple_192.68410242838814_tree": 10,
    "adaptive_gaussian_21_external": 7,
    "adaptive_gaussian_11_external": 5,
    "adaptive_gaussian_31_external": 5,
    "canny_30_100_external": 3,
    "canny_50_150_external": 3,
    "canny_70_200_external": 3,
    "otsu_blur_0_external": 2,
    "otsu_blur_3_external": 2,
    "otsu_blur_5_external": 2,
    "simple_112.68410242838814_external": 2,
    "simple_132.68410242838814_external": 2,
    "simple_152.68410242838814_external": 2,
    "simple_172.68410242838814_external": 2,
    "simple_192.68410242838814_external": 2
  },
  "best_method_contours": 71,
  "contours_after_cleaning": 37,
  "final_contour_count": 37
}