{
  "has_alpha": true,
  "transparent_pixels": "85765",
  "opaque_pixels": "176379",
  "alpha_range": [
    0,
    255
  ],
  "original_shape": [
    512,
    512,
    4
  ],
  "processed_shape": [
    512,
    512
  ],
  "gray_range": [
    61,
    255
  ],
  "thresholding_method": "adaptive_gaussian_11_list",
  "contour_counts": {
    "adaptive_gaussian_11_list": 180,
    "adaptive_gaussian_11_tree": 180,
    "adaptive_gaussian_21_list": 85,
    "adaptive_gaussian_21_tree": 85,
    "adaptive_gaussian_31_list": 53,
    "adaptive_gaussian_31_tree": 53,
    "canny_30_100_list": 31,
    "canny_30_100_tree": 31,
    "otsu_blur_0_list": 16,
    "otsu_blur_0_tree": 16,
    "simple_166.86788701607543_list": 15,
    "simple_166.86788701607543_tree": 15,
    "simple_206.86788701607543_list": 15,
    "simple_206.86788701607543_tree": 15,
    "otsu_blur_3_list": 14,
    "otsu_blur_3_tree": 14,
    "otsu_blur_5_list": 13,
    "otsu_blur_5_tree": 13,
    "canny_50_150_list": 13,
    "canny_50_150_tree": 13,
    "simple_146.86788701607543_list": 13,
    "simple_146.86788701607543_tree": 13,
    "simple_186.86788701607543_list": 13,
    "simple_186.86788701607543_tree": 13,
    "otsu_inv_blur_0_list": 12,
    "otsu_inv_blur_0_tree": 12,
    "otsu_inv_blur_3_list": 12,
    "otsu_inv_blur_3_tree": 12,
    "otsu_inv_blur_5_list": 12,
    "otsu_inv_blur_5_tree": 12,
    "canny_30_100_external": 7,
    "canny_50_150_external": 7,
    "otsu_inv_blur_0_external": 6,
    "otsu_inv_blur_3_external": 6,
    "otsu_inv_blur_5_external": 6,
    "canny_70_200_list": 5,
    "canny_70_200_tree": 5,
    "simple_226.86788701607543_list": 5,
    "simple_226.86788701607543_tree": 5,
    "simple_226.86788701607543_external": 4,
    "canny_70_200_external": 3,
    "adaptive_gaussian_11_external": 1,
    "adaptive_gaussian_21_external": 1,
    "adaptive_gaussian_31_external": 1,
    "otsu_blur_0_external": 1,
    "otsu_blur_3_external": 1,
    "otsu_blur_5_external": 1,
    "simple_146.86788701607543_external": 1,
    "simple_166.86788701607543_external": 1,
    "simple_186.86788701607543_external": 1,
    "simple_206.86788701607543_external": 1
  },
  "best_method_contours": 180,
  "contours_after_cleaning": 30,
  "final_contour_count": 30
}