{
  "has_alpha": true,
  "transparent_pixels": "108289",
  "opaque_pixels": "153855",
  "alpha_range": [
    0,
    255
  ],
  "original_shape": [
    512,
    512,
    4
  ],
  "processed_shape": [
    512,
    512
  ],
  "gray_range": [
    11,
    255
  ],
  "thresholding_method": "canny_30_100_list",
  "contour_counts": {
    "canny_30_100_list": 361,
    "canny_30_100_tree": 361,
    "canny_50_150_list": 312,
    "canny_50_150_tree": 312,
    "canny_70_200_list": 283,
    "canny_70_200_tree": 283,
    "adaptive_gaussian_11_list": 277,
    "adaptive_gaussian_11_tree": 277,
    "adaptive_gaussian_21_list": 216,
    "adaptive_gaussian_21_tree": 216,
    "adaptive_gaussian_31_list": 203,
    "adaptive_gaussian_31_tree": 203,
    "otsu_blur_0_list": 132,
    "otsu_blur_0_tree": 132,
    "simple_169.5844576793498_list": 132,
    "simple_169.5844576793498_tree": 132,
    "simple_189.5844576793498_list": 130,
    "simple_189.5844576793498_tree": 130,
    "simple_209.5844576793498_list": 118,
    "simple_209.5844576793498_tree": 118,
    "simple_149.5844576793498_list": 117,
    "simple_149.5844576793498_tree": 117,
    "otsu_inv_blur_0_list": 115,
    "otsu_inv_blur_0_tree": 115,
    "otsu_blur_5_list": 111,
    "otsu_blur_5_tree": 111,
    "otsu_inv_blur_3_list": 110,
    "otsu_inv_blur_3_tree": 110,
    "otsu_blur_3_list": 109,
    "otsu_blur_3_tree": 109,
    "otsu_inv_blur_5_list": 108,
    "otsu_inv_blur_5_tree": 108,
    "simple_129.5844576793498_list": 107,
    "simple_129.5844576793498_tree": 107,
    "canny_30_100_external": 9,
    "canny_50_150_external": 9,
    "canny_70_200_external": 7,
    "adaptive_gaussian_11_external": 1,
    "adaptive_gaussian_21_external": 1,
    "adaptive_gaussian_31_external": 1,
    "otsu_blur_0_external": 1,
    "otsu_inv_blur_0_external": 1,
    "otsu_blur_3_external": 1,
    "otsu_inv_blur_3_external": 1,
    "otsu_blur_5_external": 1,
    "otsu_inv_blur_5_external": 1,
    "simple_129.5844576793498_external": 1,
    "simple_149.5844576793498_external": 1,
    "simple_169.5844576793498_external": 1,
    "simple_189.5844576793498_external": 1,
    "simple_209.5844576793498_external": 1
  },
  "best_method_contours": 361,
  "contours_after_cleaning": 188,
  "final_contour_count": 188
}