{
  "has_alpha": true,
  "transparent_pixels": "119428",
  "opaque_pixels": "142716",
  "alpha_range": [
    0,
    255
  ],
  "original_shape": [
    512,
    512,
    4
  ],
  "processed_shape": [
    512,
    512
  ],
  "gray_range": [
    1,
    255
  ],
  "thresholding_method": "adaptive_gaussian_11_list",
  "contour_counts": {
    "adaptive_gaussian_11_list": 292,
    "adaptive_gaussian_11_tree": 292,
    "adaptive_gaussian_21_list": 147,
    "adaptive_gaussian_21_tree": 147,
    "adaptive_gaussian_31_list": 105,
    "adaptive_gaussian_31_tree": 105,
    "simple_103.93391503554224_list": 24,
    "simple_103.93391503554224_tree": 24,
    "canny_30_100_list": 21,
    "canny_30_100_tree": 21,
    "canny_50_150_list": 17,
    "canny_50_150_tree": 17,
    "canny_70_200_list": 14,
    "canny_70_200_tree": 14,
    "simple_183.93391503554224_list": 14,
    "simple_183.93391503554224_tree": 14,
    "simple_163.93391503554224_list": 12,
    "simple_163.93391503554224_tree": 12,
    "simple_123.93391503554224_list": 11,
    "simple_123.93391503554224_tree": 11,
    "simple_143.93391503554224_list": 10,
    "simple_143.93391503554224_tree": 10,
    "otsu_blur_0_list": 2,
    "otsu_blur_0_tree": 2,
    "otsu_blur_3_list": 2,
    "otsu_blur_3_tree": 2,
    "otsu_blur_5_list": 2,
    "otsu_blur_5_tree": 2,
    "adaptive_gaussian_11_external": 1,
    "adaptive_gaussian_21_external": 1,
    "adaptive_gaussian_31_external": 1,
    "otsu_blur_0_external": 1,
    "otsu_inv_blur_0_external": 1,
    "otsu_inv_blur_0_list": 1,
    "otsu_inv_blur_0_tree": 1,
    "otsu_blur_3_external": 1,
    "otsu_inv_blur_3_external": 1,
    "otsu_inv_blur_3_list": 1,
    "otsu_inv_blur_3_tree": 1,
    "otsu_blur_5_external": 1,
    "otsu_inv_blur_5_external": 1,
    "otsu_inv_blur_5_list": 1,
    "otsu_inv_blur_5_tree": 1,
    "canny_30_100_external": 1,
    "canny_50_150_external": 1,
    "canny_70_200_external": 1,
    "simple_103.93391503554224_external": 1,
    "simple_123.93391503554224_external": 1,
    "simple_143.93391503554224_external": 1,
    "simple_163.93391503554224_external": 1,
    "simple_183.93391503554224_external": 1
  },
  "best_method_contours": 292,
  "contours_after_cleaning": 40,
  "final_contour_count": 40
}