{
  "has_alpha": true,
  "transparent_pixels": "41865",
  "opaque_pixels": "220279",
  "alpha_range": [
    0,
    255
  ],
  "original_shape": [
    512,
    512,
    4
  ],
  "processed_shape": [
    512,
    512
  ],
  "gray_range": [
    57,
    255
  ],
  "thresholding_method": "simple_105.15004259417016_list",
  "contour_counts": {
    "simple_105.15004259417016_list": 71,
    "simple_105.15004259417016_tree": 71,
    "simple_85.15004259417016_list": 29,
    "simple_85.15004259417016_tree": 29,
    "adaptive_gaussian_31_list": 22,
    "adaptive_gaussian_31_tree": 22,
    "adaptive_gaussian_11_list": 19,
    "adaptive_gaussian_11_tree": 19,
    "adaptive_gaussian_21_list": 18,
    "adaptive_gaussian_21_tree": 18,
    "canny_30_100_list": 16,
    "canny_30_100_tree": 16,
    "canny_50_150_list": 15,
    "canny_50_150_tree": 15,
    "canny_70_200_list": 15,
    "canny_70_200_tree": 15,
    "otsu_blur_0_list": 8,
    "otsu_blur_0_tree": 8,
    "otsu_blur_3_list": 8,
    "otsu_blur_3_tree": 8,
    "otsu_blur_5_list": 8,
    "otsu_blur_5_tree": 8,
    "simple_125.15004259417016_list": 8,
    "simple_125.15004259417016_tree": 8,
    "simple_145.15004259417015_list": 8,
    "simple_145.15004259417015_tree": 8,
    "simple_165.15004259417015_list": 8,
    "simple_165.15004259417015_tree": 8,
    "otsu_inv_blur_0_list": 7,
    "otsu_inv_blur_0_tree": 7,
    "otsu_inv_blur_3_list": 7,
    "otsu_inv_blur_3_tree": 7,
    "otsu_inv_blur_5_list": 7,
    "otsu_inv_blur_5_tree": 7,
    "otsu_inv_blur_0_external": 3,
    "otsu_inv_blur_3_external": 3,
    "otsu_inv_blur_5_external": 3,
    "canny_30_100_external": 3,
    "canny_50_150_external": 3,
    "canny_70_200_external": 3,
    "adaptive_gaussian_11_external": 1,
    "adaptive_gaussian_21_external": 1,
    "adaptive_gaussian_31_external": 1,
    "otsu_blur_0_external": 1,
    "otsu_blur_3_external": 1,
    "otsu_blur_5_external": 1,
    "simple_85.15004259417016_external": 1,
    "simple_105.15004259417016_external": 1,
    "simple_125.15004259417016_external": 1,
    "simple_145.15004259417015_external": 1,
    "simple_165.15004259417015_external": 1
  },
  "best_method_contours": 71,
  "contours_after_cleaning": 8,
  "final_contour_count": 8
}