{
  "has_alpha": true,
  "transparent_pixels": "0",
  "opaque_pixels": "262144",
  "alpha_range": [
    254,
    255
  ],
  "original_shape": [
    512,
    512,
    4
  ],
  "processed_shape": [
    512,
    512
  ],
  "gray_range": [
    31,
    255
  ],
  "thresholding_method": "adaptive_gaussian_31_list",
  "contour_counts": {
    "adaptive_gaussian_31_list": 573,
    "adaptive_gaussian_31_tree": 573,
    "adaptive_gaussian_21_list": 254,
    "adaptive_gaussian_21_tree": 254,
    "adaptive_gaussian_11_list": 253,
    "adaptive_gaussian_11_tree": 253,
    "canny_30_100_list": 62,
    "canny_30_100_tree": 62,
    "canny_50_150_list": 51,
    "canny_50_150_tree": 51,
    "canny_70_200_list": 49,
    "canny_70_200_tree": 49,
    "simple_151.17109990144442_list": 22,
    "simple_151.17109990144442_tree": 22,
    "simple_131.17109990144442_list": 18,
    "simple_131.17109990144442_tree": 18,
    "otsu_blur_0_list": 15,
    "otsu_blur_0_tree": 15,
    "simple_211.17109990144442_list": 15,
    "simple_211.17109990144442_tree": 15,
    "simple_171.17109990144442_list": 13,
    "simple_171.17109990144442_tree": 13,
    "canny_70_200_external": 11,
    "simple_191.17109990144442_list": 10,
    "simple_191.17109990144442_tree": 10,
    "otsu_inv_blur_0_list": 8,
    "otsu_inv_blur_0_tree": 8,
    "canny_50_150_external": 8,
    "otsu_blur_3_list": 6,
    "otsu_blur_3_tree": 6,
    "otsu_blur_5_list": 6,
    "otsu_blur_5_tree": 6,
    "canny_30_100_external": 6,
    "otsu_inv_blur_3_list": 5,
    "otsu_inv_blur_3_tree": 5,
    "otsu_inv_blur_5_list": 5,
    "otsu_inv_blur_5_tree": 5,
    "adaptive_gaussian_11_external": 1,
    "adaptive_gaussian_21_external": 1,
    "adaptive_gaussian_31_external": 1,
    "otsu_blur_0_external": 1,
    "otsu_inv_blur_0_external": 1,
    "otsu_blur_3_external": 1,
    "otsu_inv_blur_3_external": 1,
    "otsu_blur_5_external": 1,
    "otsu_inv_blur_5_external": 1,
    "simple_131.17109990144442_external": 1,
    "simple_151.17109990144442_external": 1,
    "simple_171.17109990144442_external": 1,
    "simple_191.17109990144442_external": 1,
    "simple_211.17109990144442_external": 1
  },
  "best_method_contours": 573,
  "contours_after_cleaning": 67,
  "final_contour_count": 67
}