{
  "has_alpha": true,
  "transparent_pixels": "107218",
  "opaque_pixels": "154926",
  "alpha_range": [
    0,
    255
  ],
  "original_shape": [
    512,
    512,
    4
  ],
  "processed_shape": [
    512,
    512
  ],
  "gray_range": [
    3,
    255
  ],
  "thresholding_method": "canny_30_100_list",
  "contour_counts": {
    "canny_30_100_list": 3513,
    "canny_30_100_tree": 3513,
    "canny_70_200_list": 3513,
    "canny_70_200_tree": 3513,
    "canny_50_150_list": 3511,
    "canny_50_150_tree": 3511,
    "simple_97.70713738120838_list": 971,
    "simple_97.70713738120838_tree": 971,
    "adaptive_gaussian_21_list": 439,
    "adaptive_gaussian_21_tree": 439,
    "otsu_blur_5_list": 416,
    "otsu_blur_5_tree": 416,
    "adaptive_gaussian_31_list": 286,
    "adaptive_gaussian_31_tree": 286,
    "otsu_inv_blur_5_list": 187,
    "otsu_inv_blur_5_tree": 187,
    "simple_77.70713738120838_list": 129,
    "simple_77.70713738120838_tree": 129,
    "otsu_inv_blur_5_external": 112,
    "adaptive_gaussian_11_list": 98,
    "adaptive_gaussian_11_tree": 98,
    "otsu_blur_3_list": 98,
    "otsu_blur_3_tree": 98,
    "otsu_inv_blur_0_list": 96,
    "otsu_inv_blur_0_tree": 96,
    "otsu_blur_0_list": 84,
    "otsu_blur_0_tree": 84,
    "simple_117.70713738120838_list": 79,
    "simple_117.70713738120838_tree": 79,
    "otsu_inv_blur_3_list": 70,
    "otsu_inv_blur_3_tree": 70,
    "simple_57.70713738120838_list": 42,
    "simple_57.70713738120838_tree": 42,
    "otsu_inv_blur_3_external": 37,
    "otsu_inv_blur_0_external": 36,
    "canny_30_100_external": 11,
    "canny_50_150_external": 11,
    "canny_70_200_external": 11,
    "simple_37.70713738120838_list": 7,
    "simple_37.70713738120838_tree": 7,
    "adaptive_gaussian_11_external": 1,
    "adaptive_gaussian_21_external": 1,
    "adaptive_gaussian_31_external": 1,
    "otsu_blur_0_external": 1,
    "otsu_blur_3_external": 1,
    "otsu_blur_5_external": 1,
    "simple_37.70713738120838_external": 1,
    "simple_57.70713738120838_external": 1,
    "simple_77.70713738120838_external": 1,
    "simple_97.70713738120838_external": 1,
    "simple_117.70713738120838_external": 1
  },
  "best_method_contours": 3513,
  "contours_after_cleaning": 122,
  "final_contour_count": 122
}