{
  "has_alpha": true,
  "transparent_pixels": "105194",
  "opaque_pixels": "156950",
  "alpha_range": [
    0,
    255
  ],
  "original_shape": [
    512,
    512,
    4
  ],
  "processed_shape": [
    512,
    512
  ],
  "gray_range": [
    0,
    255
  ],
  "thresholding_method": "adaptive_gaussian_21_list",
  "contour_counts": {
    "adaptive_gaussian_21_list": 254,
    "adaptive_gaussian_21_tree": 254,
    "simple_124.21727968402863_list": 219,
    "simple_124.21727968402863_tree": 219,
    "adaptive_gaussian_11_list": 217,
    "adaptive_gaussian_11_tree": 217,
    "adaptive_gaussian_31_list": 195,
    "adaptive_gaussian_31_tree": 195,
    "simple_144.21727968402863_list": 129,
    "simple_144.21727968402863_tree": 129,
    "canny_30_100_list": 76,
    "canny_30_100_tree": 76,
    "canny_50_150_list": 60,
    "canny_50_150_tree": 60,
    "canny_70_200_list": 54,
    "canny_70_200_tree": 54,
    "otsu_blur_0_list": 30,
    "otsu_blur_0_tree": 30,
    "otsu_blur_3_list": 24,
    "otsu_blur_3_tree": 24,
    "simple_164.21727968402863_list": 24,
    "simple_164.21727968402863_tree": 24,
    "simple_204.21727968402863_list": 19,
    "simple_204.21727968402863_tree": 19,
    "simple_184.21727968402863_list": 17,
    "simple_184.21727968402863_tree": 17,
    "otsu_inv_blur_0_list": 14,
    "otsu_inv_blur_0_tree": 14,
    "otsu_inv_blur_3_list": 14,
    "otsu_inv_blur_3_tree": 14,
    "otsu_inv_blur_5_list": 13,
    "otsu_inv_blur_5_tree": 13,
    "otsu_blur_5_list": 12,
    "otsu_blur_5_tree": 12,
    "otsu_inv_blur_0_external": 5,
    "otsu_inv_blur_3_external": 4,
    "otsu_inv_blur_5_external": 4,
    "adaptive_gaussian_11_external": 1,
    "adaptive_gaussian_21_external": 1,
    "adaptive_gaussian_31_external": 1,
    "otsu_blur_0_external": 1,
    "otsu_blur_3_external": 1,
    "otsu_blur_5_external": 1,
    "canny_30_100_external": 1,
    "canny_50_150_external": 1,
    "canny_70_200_external": 1,
    "simple_124.21727968402863_external": 1,
    "simple_144.21727968402863_external": 1,
    "simple_164.21727968402863_external": 1,
    "simple_184.21727968402863_external": 1,
    "simple_204.21727968402863_external": 1
  },
  "best_method_contours": 254,
  "contours_after_cleaning": 47,
  "final_contour_count": 47
}